1  0.250000  0.000000 
2  0.522716  0.003538 
3  0.819931  0.005969 
4  1.114667  0.008230 
5  1.413920  0.010469 
6  1.696054  0.011933 
7  1.988698  0.013860 
8  2.290206  0.016316 
9  2.597522  0.018334 
10  2.907493  0.020288 
11  3.206458  0.021736 
12  3.493846  0.023239 
13  3.795142  0.025208 
14  4.104010  0.027024 
15  4.394631  0.028610 
16  4.680923  0.030144 
17  4.983073  0.031871 
18  5.261243  0.033527 
19  5.547208  0.035020 
20  5.834654  0.035601 
21  6.107422  0.036236 
22  6.410666  0.038019 
23  6.686433  0.039167 
24  6.978535  0.040132 
25  7.272281  0.041409 
26  7.557583  0.042925 
27  7.837136  0.043962 
28  8.125036  0.044994 
29  8.415465  0.046068 
30  8.696423  0.046951 
31  8.990455  0.048065 
32  9.270476  0.049119 
33  9.550841  0.049537 
34  9.856787  0.051162 
35  10.138523  0.051591 
36  10.424996  0.053008 
37  10.715247  0.054382 
38  11.007653  0.055158 
39  11.284375  0.055570 
40  11.573209  0.057112 
41  11.875836  0.058936 
42  12.173665  0.059873 
43  12.457029  0.061271 
44  12.731404  0.061576 
45  13.007897  0.062184 
46  13.283450  0.062750 
47  13.575210  0.063767 
48  13.846094  0.064559 
49  14.140850  0.065853 
50  14.427839  0.066430 
51  14.715459  0.067437 
52  14.986906  0.068137 
53  15.267898  0.068742 
54  15.546963  0.069901 
55  15.836162  0.070691 
56  16.110990  0.071607 
57  16.398243  0.072076 
58  16.677550  0.072486 
59  16.961717  0.072926 
60  17.239040  0.073513 
61  17.514985  0.074027 
62  17.793515  0.074874 
63  18.073257  0.075480 
64  18.350928  0.076792 
65  18.628301  0.077807 
66  18.898801  0.077913 
67  19.198801  0.079102 
68  19.471729  0.079952 
69  19.766973  0.081047 
70  20.047712  0.082449 
71  20.344460  0.083290 
72  20.615536  0.083656 
73  20.905665  0.084719 
74  21.171616  0.085264 
75  21.449050  0.085860 
76  21.742368  0.087076 
77  22.038015  0.087753 
78  22.312729  0.088050 
79  22.599191  0.089161 
80  22.889040  0.089768 
81  23.178963  0.090379 
82  23.468195  0.090613 
83  23.756977  0.091468 
84  24.038308  0.092652 
85  24.315909  0.092928 
86  24.589283  0.094135 
87  24.868369  0.094722 
88  25.148696  0.095211 
89  25.417672  0.096109 
90  25.691354  0.096195 
91  25.969982  0.096921 
92  26.255823  0.097606 
93  26.535799  0.098585 
94  26.805205  0.099354 
95  27.098494  0.100514 
96  27.382728  0.101148 
97  27.656332  0.101780 
98  27.935820  0.102411 
99  28.227069  0.103043 
100  28.507176  0.103979 
101  28.791168  0.104281 
102  29.054706  0.104469 
103  29.337759  0.105118 
104  29.618184  0.105554 
105  29.890464  0.105852 
106  30.166042  0.106942 
107  30.440374  0.107433 
108  30.726327  0.107765 
109  30.999326  0.108070 
110  31.263264  0.108332 
111  31.527339  0.109079 
112  31.801715  0.109216 
113  32.079329  0.109936 
114  32.367451  0.110456 
115  32.648622  0.111113 
116  32.915673  0.111954 
117  33.199638  0.112621 
118  33.481961  0.112826 
119  33.762529  0.113518 
120  34.044306  0.114195 
121  34.329552  0.114686 
122  34.602989  0.114989 
123  34.887359  0.115883 
124  35.167413  0.116371 
125  35.445739  0.117158 
126  35.725051  0.118282 
127  35.996731  0.118600 
128  36.275797  0.119228 
129  36.556744  0.119589 
130  36.834382  0.120737 
131  37.125806  0.121391 
132  37.414838  0.122372 
133  37.694171  0.123073 
134  37.976993  0.123044 
135  38.261660  0.123520 
136  38.530414  0.124577 
137  38.790246  0.124962 
138  39.066561  0.126048 
139  39.329608  0.126373 
140  39.618057  0.127012 
141  39.904789  0.127517 
142  40.180502  0.127670 
143  40.457590  0.128539 
144  40.728820  0.128945 
145  40.998255  0.129280 
146  41.272694  0.129875 
147  41.557135  0.130647 
148  41.831702  0.130711 
149  42.092801  0.131150 
150  42.366243  0.131382 
151  42.642938  0.131805 
152  42.927845  0.132037 
153  43.208078  0.132466 
154  43.479355  0.132964 
155  43.762169  0.134145 
156  44.031989  0.134392 
157  44.329129  0.135278 
158  44.623195  0.135979 
159  44.901381  0.136677 
160  45.188034  0.137022 
161  45.468573  0.137717 
162  45.741720  0.138349 
163  46.017210  0.138911 
164  46.316944  0.139755 
165  46.588563  0.140683 
166  46.870460  0.141003 
167  47.150823  0.141711 
168  47.417352  0.142467 
169  47.698208  0.142456 
170  47.977291  0.142617 
171  48.262408  0.143134 
172  48.551012  0.143765 
173  48.832293  0.144185 
174  49.119636  0.144474 
175  49.394200  0.145151 
176  49.687184  0.146090 
177  49.966587  0.147032 
178  50.244686  0.147992 
179  50.516722  0.148673 
180  50.778998  0.149029 
181  51.058191  0.149491 
182  51.335730  0.150426 
183  51.604820  0.150462 
184  51.890005  0.151118 
185  52.169349  0.151544 
186  52.451560  0.151625 
187  52.742574  0.151979 
188  53.033732  0.152403 
189  53.314375  0.152833 
190  53.603006  0.153670 
191  53.886709  0.155019 
192  54.169627  0.155370 
193  54.436641  0.155692 
194  54.715962  0.156142 
195  54.986169  0.156645 
196  55.269469  0.157499 
197  55.556997  0.158213 
198  55.833782  0.158540 
199  56.110518  0.159236 
200  56.386878  0.159841 
201  56.666793  0.159959 
202  56.937767  0.159815 
203  57.220195  0.160290 
204  57.509178  0.161308 
205  57.801223  0.162171 
206  58.086231  0.163010 
207  58.353806  0.163556 
208  58.628845  0.164069 
209  58.921634  0.164309 
210  59.191375  0.165447 
211  59.465218  0.165756 
212  59.740031  0.166012 
213  60.019782  0.167525 
214  60.298779  0.168057 
215  60.578588  0.168665 
216  60.862373  0.169701 
217  61.140553  0.170310 
218  61.414399  0.171331 
219  61.700223  0.171979 
220  61.978610  0.172760 
221  62.260738  0.173220 
222  62.542438  0.173597 
223  62.822917  0.173790 
224  63.110046  0.174607 
225  63.394721  0.174913 
226  63.675223  0.175387 
227  63.952832  0.176132 
228  64.240935  0.176416 
229  64.523877  0.177337 
230  64.791497  0.177669 
231  65.068287  0.178918 
232  65.354078  0.179257 
233  65.642148  0.180214 
234  65.928691  0.180746 
235  66.215596  0.181198 
236  66.502952  0.182185 
237  66.773255  0.182371 
238  67.055109  0.183012 
239  67.330706  0.184027 
240  67.604727  0.184524 
241  67.880670  0.184950 
242  68.152582  0.184956 
243  68.432317  0.185312 
244  68.713470  0.185936 
245  69.004732  0.186679 
246  69.298287  0.186949 
247  69.579286  0.187627 
248  69.851341  0.187933 
249  70.136590  0.188569 
250  70.423201  0.189392 
251  70.698978  0.189827 
252  70.984930  0.190636 
253  71.261340  0.190672 
254  71.554919  0.191425 
255  71.827447  0.191654 
256  72.088186  0.192031 
257  72.359315  0.192358 
258  72.644443  0.193007 
259  72.925424  0.193247 
260  73.207563  0.193821 
261  73.481567  0.193998 
262  73.750894  0.194379 
263  74.030643  0.195134 
264  74.307819  0.195746 
265  74.582481  0.196298 
266  74.855898  0.196952 
267  75.142918  0.197662 
268  75.427493  0.198754 
269  75.694573  0.199545 
270  75.975493  0.199725 
271  76.253440  0.199858 
272  76.541664  0.200055 
273  76.815738  0.200608 
274  77.094770  0.201644 
275  77.389359  0.202642 
276  77.678185  0.203509 
277  77.958731  0.204341 
278  78.245172  0.204775 
279  78.531442  0.205484 
280  78.825132  0.206250 
281  79.110481  0.206417 
282  79.384152  0.206838 
283  79.671991  0.207614 
284  79.954583  0.208407 
285  80.240684  0.209082 
286  80.519874  0.209569 
287  80.801467  0.210336 
288  81.081789  0.210995 
289  81.358407  0.211677 
290  81.641714  0.211765 
291  81.917970  0.212468 
292  82.209262  0.213236 
293  82.495516  0.213620 
294  82.776555  0.214156 
295  83.059788  0.214867 
296  83.345353  0.215427 
297  83.631373  0.215869 
298  83.923462  0.216152 
299  84.209160  0.216040 
300  84.480062  0.216191 
301  84.762978  0.216493 
302  85.046278  0.216999 
303  85.342127  0.217498 
304  85.617932  0.218053 
305  85.902783  0.218659 
306  86.192781  0.219231 
307  86.478029  0.219673 
308  86.765223  0.220099 
309  87.043280  0.220060 
310  87.337149  0.220912 
311  87.616967  0.221187 
312  87.909715  0.221425 
313  88.195956  0.222268 
314  88.470974  0.222705 
315  88.754953  0.223328 
316  89.036490  0.224128 
317  89.311462  0.224879 
318  89.594993  0.225160 
319  89.886354  0.226028 
320  90.162118  0.226310 
321  90.449132  0.226953 
322  90.727268  0.227381 
323  91.016965  0.228263 
324  91.304752  0.228605 
325  91.599352  0.229199 
326  91.878416  0.229647 
327  92.164937  0.230497 
328  92.450527  0.231051 
329  92.738550  0.231528 
330  93.015523  0.232092 
331  93.304254  0.232712 
332  93.590870  0.233655 
333  93.870187  0.234140 
334  94.150849  0.234374 
335  94.438441  0.235045 
336  94.732482  0.235954 
337  95.021550  0.236225 
338  95.308275  0.236685 
339  95.597215  0.237173 
340  95.869224  0.237206 
341  96.164160  0.237976 
342  96.445100  0.238593 
343  96.731193  0.238883 
344  97.019496  0.239544 
345  97.290765  0.239453 
346  97.573691  0.239879 
347  97.853095  0.240143 
348  98.142911  0.240766 
349  98.419883  0.241331 
350  98.707379  0.241890 
351  98.993271  0.242440 
352  99.289445  0.243049 
353  99.591654  0.243376 
354  99.884183  0.243745 
355  100.177130  0.244083 
356  100.473680  0.244489 
357  100.754425  0.244868 
358  101.041605  0.245436 
359  101.310579  0.245777 
360  101.585979  0.246139 
361  101.871703  0.247135 
362  102.171257  0.247710 
363  102.449362  0.248412 
364  102.732052  0.248658 
365  103.019619  0.249159 
366  103.293030  0.249304 
367  103.576508  0.249772 
368  103.869475  0.249919 
369  104.154986  0.250529 
370  104.431618  0.250974 
371  104.725648  0.251632 
372  105.009917  0.252183 
373  105.299223  0.252542 
374  105.586886  0.252834 
375  105.869764  0.253472 
376  106.158282  0.254246 
377  106.441901  0.254971 
378  106.735476  0.255711 
379  107.012965  0.256051 
380  107.297316  0.256498 
381  107.577408  0.256988 
382  107.859765  0.257193 
383  108.138298  0.257491 
384  108.437719  0.258493 
385  108.715744  0.258676 
386  108.989184  0.258611 
387  109.274342  0.258791 
388  109.556524  0.259356 
389  109.840446  0.259754 
390  110.119701  0.259887 
391  110.399943  0.260349 
392  110.680172  0.260532 
393  110.971850  0.261227 
394  111.266197  0.261810 
395  111.555580  0.262974 
396  111.851445  0.263258 
397  112.142641  0.263646 
398  112.423612  0.264445 
399  112.713351  0.265197 
400  113.002692  0.265869 
401  113.289667  0.266682 
402  113.576108  0.267252 
403  113.853235  0.267497 
404  114.137550  0.267829 
405  114.425452  0.268894 
406  114.710933  0.269198 
407  115.005110  0.269749 
408  115.280902  0.270287 
409  115.572688  0.271036 
410  115.853812  0.271816 
411  116.134695  0.272188 
412  116.415216  0.272411 
413  116.703716  0.272709 
414  116.987414  0.273503 
415  117.277181  0.273896 
416  117.560265  0.274166 
417  117.854137  0.274629 
418  118.147876  0.275341 
419  118.440049  0.275909 
420  118.742126  0.276447 
421  119.026037  0.276889 
422  119.323472  0.277564 
423  119.604501  0.278075 
424  119.905822  0.278666 
425  120.203294  0.279749 
426  120.477112  0.279873 
427  120.770702  0.280432 
428  121.060630  0.281446 
429  121.359432  0.282261 
430  121.658193  0.283363 
431  121.942638  0.284051 
432  122.236147  0.284800 
433  122.525425  0.285260 
434  122.806810  0.285766 
435  123.097959  0.286528 
436  123.384873  0.287102 
437  123.675390  0.287734 
438  123.960865  0.288720 
439  124.239154  0.289581 
440  124.519583  0.290350 
441  124.809580  0.290799 
442  125.100912  0.291126 
443  125.393793  0.291516 
444  125.688601  0.292107 
445  125.975751  0.292858 
446  126.264131  0.293614 
447  126.553964  0.294219 
448  126.844058  0.294515 
449  127.127885  0.294891 
450  127.410026  0.295820 
451  127.698359  0.296239 
452  127.983919  0.296698 
453  128.281320  0.297583 
454  128.575995  0.298304 
455  128.858821  0.298678 
456  129.144318  0.298815 
457  129.440483  0.299552 
458  129.732470  0.300202 
459  130.020137  0.300747 
460  130.312847  0.301585 
461  130.597819  0.301778 
462  130.893157  0.302515 
463  131.182551  0.302540 
464  131.485563  0.303542 
465  131.766972  0.303441 
466  132.062035  0.304124 
467  132.359357  0.304903 
468  132.642401  0.305368 
469  132.923658  0.305584 
470  133.211730  0.306435 
471  133.516491  0.307246 
472  133.804282  0.307926 
473  134.091363  0.308288 
474  134.375418  0.308174 
475  134.672888  0.308847 
476  134.973374  0.309286 
477  135.267414  0.309872 
478  135.552074  0.310505 
479  135.844416  0.311699 
480  136.130432  0.311755 
481  136.411882  0.312289 
482  136.710831  0.312965 
483  137.003346  0.313298 
484  137.288174  0.313509 
485  137.584855  0.314171 
486  137.875849  0.315101 
487  138.159326  0.315343 
488  138.462252  0.315598 
489  138.769730  0.316444 
490  139.058517  0.317378 
491  139.355318  0.318046 
492  139.643910  0.318321 
493  139.936174  0.318602 
494  140.239153  0.318721 
495  140.527337  0.319007 
496  140.813065  0.319257 
497  141.091226  0.319498 
498  141.375116  0.319521 
499  141.659694  0.319808 
500  141.952057  0.320601 
501  142.237997  0.321075 
502  142.536202  0.322237 
503  142.825521  0.322593 
504  143.122640  0.323230 
505  143.418834  0.324210 
506  143.715212  0.324864 
507  144.019199  0.326012 
508  144.312208  0.326632 
509  144.605291  0.327135 
510  144.883565  0.327836 
511  145.177050  0.328458 
512  145.456494  0.329326 
513  145.731789  0.329599 
514  146.021122  0.329853 
515  146.306836  0.329759 
516  146.602372  0.329986 
517  146.889874  0.330423 
518  147.176506  0.331224 
519  147.467277  0.331544 
520  147.770353  0.332005 
521  148.056091  0.332554 
522  148.349955  0.333619 
523  148.640826  0.334160 
524  148.933184  0.334330 
525  149.218844  0.334883 
526  149.503733  0.335124 
527  149.795191  0.335834 
528  150.079871  0.336629 
529  150.360809  0.336760 
530  150.636332  0.337292 
531  150.938002  0.338523 
532  151.228741  0.338699 
533  151.519067  0.339153 
534  151.802890  0.339635 
535  152.089991  0.339788 
536  152.386173  0.340176 
537  152.694205  0.341023 
538  152.981273  0.341593 
539  153.275949  0.341865 
540  153.567149  0.342567 
541  153.856947  0.342596 
542  154.152568  0.343142 
543  154.451107  0.343703 
544  154.745140  0.344569 
545  155.038878  0.345072 
546  155.336584  0.345496 
547  155.632472  0.345898 
548  155.926962  0.346637 
549  156.222068  0.347004 
550  156.506451  0.347827 
551  156.802321  0.348880 
552  157.083312  0.349048 
553  157.373980  0.349938 
554  157.679208  0.350824 
555  157.975099  0.351584 
556  158.270956  0.351792 
557  158.563169  0.352402 
558  158.866624  0.352858 
559  159.168848  0.353507 
560  159.450894  0.354131 
561  159.756589  0.354610 
562  160.056800  0.354859 
563  160.349911  0.354769 
564  160.652852  0.355434 
565  160.946466  0.355767 
566  161.256079  0.356467 
567  161.542283  0.356908 
568  161.842351  0.357443 
569  162.132205  0.358250 
570  162.422453  0.358748 
571  162.723609  0.359614 
572  163.025535  0.360205 
573  163.310227  0.360365 
574  163.616007  0.360414 
575  163.904766  0.361285 
576  164.197213  0.361841 
577  164.481707  0.362072 
578  164.779463  0.362972 
579  165.078402  0.363218 
580  165.369094  0.363268 
581  165.660936  0.363465 
582  165.949659  0.363745 
583  166.247720  0.364214 
584  166.543652  0.364613 
585  166.838695  0.365301 
586  167.113570  0.365637 
587  167.413863  0.366096 
588  167.712406  0.366669 
589  168.009097  0.366992 
590  168.316361  0.367379 
591  168.617228  0.368067 
592  168.903825  0.368600 
593  169.190196  0.369105 
594  169.488781  0.369890 
595  169.783781  0.370169 
596  170.068335  0.370705 
597  170.367198  0.371444 
598  170.671019  0.371807 
599  170.974041  0.372455 
600  171.273293  0.372579 
601  171.570941  0.373252 
602  171.881897  0.373929 
603  172.173705  0.374237 
604  172.472222  0.374924 
605  172.751417  0.375708 
606  173.051072  0.376215 
607  173.335118  0.376630 
608  173.635283  0.377114 
609  173.937107  0.378124 
610  174.238232  0.378689 
611  174.545623  0.379259 
612  174.848506  0.380067 
613  175.140738  0.380574 
614  175.438912  0.380884 
615  175.747828  0.381212 
616  176.029146  0.381582 
617  176.320117  0.381960 
618  176.611496  0.382882 
619  176.912188  0.383637 
620  177.205126  0.383999 
621  177.485092  0.384440 
622  177.792812  0.384875 
623  178.088898  0.385497 
624  178.396737  0.386035 
625  178.689363  0.386516 
626  178.988277  0.387509 
627  179.285960  0.388709 
628  179.583948  0.389601 
629  179.881809  0.390568 
630  180.179049  0.391295 
631  180.478778  0.392054 
632  180.770251  0.392280 
633  181.073190  0.392818 
634  181.362232  0.393762 
635  181.649372  0.394395 
636  181.949370  0.394844 
637  182.238792  0.395208 
638  182.537467  0.395352 
639  182.839952  0.396448 
640  183.142402  0.397322 
641  183.443496  0.397770 
642  183.734898  0.398305 
643  184.024642  0.398802 
644  184.314435  0.398718 
645  184.621646  0.399423 
646  184.917058  0.400123 
647  185.209737  0.400755 
648  185.505080  0.401354 
649  185.798172  0.401738 
650  186.093231  0.401898 
651  186.380891  0.402433 
652  186.665603  0.402770 
653  186.962447  0.403444 
654  187.254587  0.403963 
655  187.552144  0.404502 
656  187.839455  0.405776 
657  188.127677  0.406321 
658  188.429079  0.407296 
659  188.729559  0.407614 
660  189.025762  0.408036 
661  189.330581  0.408769 
662  189.628250  0.409150 
663  189.920704  0.409583 
664  190.209730  0.410475 
665  190.505186  0.411182 
666  190.800490  0.411826 
667  191.097141  0.412125 
668  191.393897  0.412750 
669  191.700053  0.413441 
670  191.998253  0.414070 
671  192.290734  0.414417 
672  192.582269  0.415137 
673  192.876658  0.415509 
674  193.174018  0.416578 
675  193.485028  0.417374 
676  193.775169  0.417967 
677  194.093565  0.418560 
678  194.390494  0.419100 
679  194.684902  0.419873 
680  194.989145  0.420584 
681  195.274781  0.420988 
682  195.578431  0.421113 
683  195.872865  0.421799 
684  196.166191  0.422534 
685  196.450379  0.422691 
686  196.755985  0.423186 
687  197.065868  0.423955 
688  197.350877  0.424024 
689  197.638334  0.424971 
690  197.949111  0.425661 
691  198.240924  0.426504 
692  198.535922  0.426992 
693  198.835006  0.427219 
694  199.138083  0.427980 
695  199.433816  0.428105 
696  199.725100  0.427990 
697  200.018874  0.428667 
698  200.318628  0.429437 
699  200.612373  0.430494 
700  200.918211  0.430891 
701  201.228988  0.431651 
702  201.516266  0.432299 
703  201.827376  0.432876 
704  202.118477  0.433107 
705  202.435064  0.433773 
706  202.734783  0.434399 
707  203.033964  0.435091 
708  203.334139  0.436134 
709  203.632670  0.436601 
710  203.928317  0.436549 
711  204.235820  0.437232 
712  204.534371  0.438017 
713  204.833291  0.438503 
714  205.135217  0.438944 
715  205.435233  0.439361 
716  205.734680  0.439809 
717  206.031832  0.440068 
718  206.325501  0.440833 
719  206.625306  0.441368 
720  206.912359  0.441657 
721  207.204763  0.441630 
722  207.511925  0.442153 
723  207.823525  0.442757 
724  208.120406  0.443242 
725  208.420505  0.443848 
726  208.713877  0.444675 
727  209.013986  0.445240 
728  209.308571  0.446126 
729  209.606276  0.446627 
730  209.899242  0.447178 
731  210.199450  0.447652 
732  210.497837  0.447790 
733  210.794056  0.448126 
734  211.084218  0.448843 
735  211.391320  0.449661 
736  211.686120  0.450023 
737  211.983866  0.450554 
738  212.277012  0.451007 
739  212.581476  0.451541 
740  212.883908  0.452697 
741  213.182799  0.453077 
742  213.475623  0.453621 
743  213.783816  0.454402 
744  214.087414  0.454965 
745  214.387547  0.455112 
746  214.687273  0.455099 
747  214.982809  0.455819 
748  215.276339  0.456611 
749  215.574994  0.457447 
750  215.873574  0.458548 
751  216.181399  0.459188 
752  216.492517  0.459904 
753  216.795108  0.460716 
754  217.092738  0.461026 
755  217.384929  0.461576 
756  217.672170  0.461781 
757  217.981831  0.461743 
758  218.284583  0.462742 
759  218.589396  0.463333 
760  218.894987  0.464102 
761  219.195516  0.464462 
762  219.499414  0.465279 
763  219.803018  0.465605 
764  220.108243  0.465758 
765  220.417471  0.466292 
766  220.709444  0.466554 
767  221.018205  0.467467 
768  221.300499  0.467932 
769  221.603228  0.468269 
770  221.890648  0.468955 
771  222.183960  0.469311 
772  222.499668  0.470148 
773  222.797152  0.470642 
774  223.105130  0.471397 
775  223.403443  0.471924 
776  223.692012  0.472431 
777  223.994385  0.473195 
778  224.288988  0.472913 
779  224.585047  0.473433 
780  224.889870  0.473973 
781  225.194887  0.474131 
782  225.500766  0.474625 
783  225.799982  0.475378 
784  226.100758  0.476070 
785  226.391130  0.476407 
786  226.697209  0.476844 
787  226.989867  0.477777 
788  227.301846  0.478476 
789  227.611454  0.479233 
790  227.905247  0.479851 
791  228.208824  0.480077 
792  228.497683  0.480616 
793  228.800420  0.481141 
794  229.094424  0.481499 
795  229.397547  0.482124 
796  229.707308  0.482470 
797  230.002831  0.482544 
798  230.297171  0.482741 
799  230.602594  0.483236 
800  230.903136  0.483079 
801  231.211870  0.484273 
802  231.516291  0.484526 
803  231.812321  0.484729 
804  232.114930  0.485512 
805  232.418036  0.485756 
806  232.725510  0.486426 
807  233.031927  0.487299 
808  233.325824  0.487372 
809  233.622981  0.488072 
810  233.918562  0.488835 
811  234.218613  0.489054 
812  234.512737  0.489692 
813  234.824827  0.490017 
814  235.127348  0.490333 
815  235.419407  0.490733 
816  235.725092  0.491272 
817  236.035634  0.491665 
818  236.341084  0.492031 
819  236.653348  0.492766 
820  236.949133  0.492820 
821  237.251694  0.493274 
822  237.553405  0.493708 
823  237.853942  0.494247 
824  238.153143  0.494573 
825  238.460419  0.495093 
826  238.773774  0.496148 
827  239.067053  0.496370 
828  239.364198  0.496793 
829  239.664129  0.497404 
830  239.967529  0.498296 
831  240.268953  0.498989 
832  240.571798  0.499498 
833  240.878422  0.500211 
834  241.172958  0.500458 
835  241.479828  0.500685 
836  241.793607  0.501663 
837  242.107747  0.502315 
838  242.400959  0.502880 
839  242.700000  0.503342 
840  243.004343  0.504234 
841  243.299175  0.504513 
842  243.605885  0.505113 
843  243.895359  0.505082 
844  244.206902  0.506132 
845  244.496454  0.506131 
846  244.797238  0.506553 
847  245.095620  0.507407 
848  245.395887  0.508252 
849  245.708537  0.508754 
850  246.020857  0.509437 
851  246.328661  0.510378 
852  246.631698  0.511460 
853  246.932788  0.512030 
854  247.233887  0.512179 
855  247.532585  0.512274 
856  247.838764  0.512494 
857  248.143457  0.512746 
858  248.456301  0.513286 
859  248.761476  0.513739 
860  249.056092  0.514126 
861  249.366956  0.514820 
862  249.680522  0.515298 
863  249.987275  0.515881 
864  250.296267  0.516530 
865  250.601318  0.516985 
866  250.912268  0.517579 
867  251.217687  0.517891 
868  251.524962  0.518644 
869  251.832573  0.519225 
870  252.137640  0.519879 
871  252.447093  0.520423 
872  252.763147  0.521190 
873  253.074511  0.521598 
874  253.374233  0.521693 
875  253.671546  0.522231 
876  253.967907  0.522612 
877  254.278986  0.523500 
878  254.580949  0.524094 
879  254.892511  0.524752 
880  255.197700  0.525218 
881  255.501420  0.525806 
882  255.803902  0.526423 
883  256.115091  0.526820 
884  256.420821  0.527681 
885  256.722775  0.528372 
886  257.022777  0.528866 
887  257.329203  0.529374 
888  257.629844  0.529314 
889  257.940215  0.529672 
890  258.254892  0.530450 
891  258.560241  0.531199 
892  258.866240  0.531549 
893  259.174889  0.532377 
894  259.477887  0.532963 
895  259.779465  0.533391 
896  260.087710  0.534012 
897  260.391537  0.534153 
898  260.686830  0.534570 
899  260.996128  0.535468 
900  261.297694  0.535872 
901  261.594659  0.535993 
902  261.896390  0.536776 
903  262.204544  0.537207 
904  262.510578  0.538025 
905  262.812628  0.538190 
906  263.113478  0.538631 
907  263.411799  0.539138 
908  263.716821  0.540006 
909  264.022815  0.540517 
910  264.326468  0.540428 
911  264.625634  0.541166 
912  264.940844  0.541588 
913  265.249980  0.542174 
914  265.558885  0.542695 
915  265.865076  0.543064 
916  266.178873  0.543331 
917  266.470123  0.543646 
918  266.776499  0.544341 
919  267.079621  0.544958 
920  267.394494  0.545477 
921  267.706086  0.546362 
922  268.004072  0.546885 
923  268.311904  0.547438 
924  268.620578  0.548111 
925  268.936721  0.548846 
926  269.244349  0.549422 
927  269.550181  0.549508 
928  269.861954  0.549983 
929  270.172031  0.550422 
930  270.485760  0.550732 
931  270.794200  0.551297 
932  271.112834  0.552033 
933  271.418100  0.552258 
934  271.725847  0.553099 
935  272.030773  0.553763 
936  272.333070  0.553792 
937  272.635702  0.554371 
938  272.942901  0.554837 
939  273.251092  0.555020 
940  273.549669  0.555217 
941  273.859568  0.555500 
942  274.163320  0.556152 
943  274.461681  0.556987 
944  274.769297  0.557355 
945  275.078920  0.557661 
946  275.388478  0.558408 
947  275.698387  0.559135 
948  276.000165  0.559737 
949  276.305124  0.560066 
950  276.612872  0.560774 
951  276.922792  0.561726 
952  277.233420  0.562525 
953  277.519584  0.562487 
954  277.826999  0.562869 
955  278.128613  0.563761 
956  278.437010  0.563920 
957  278.756280  0.564594 
958  279.072377  0.565362 
959  279.382720  0.565820 
960  279.688320  0.566277 
961  279.996080  0.566768 
962  280.305692  0.567223 
963  280.608106  0.567657 
964  280.910868  0.568248 
965  281.218613  0.568826 
966  281.518370  0.569340 
967  281.823273  0.569880 
968  282.121427  0.570283 
969  282.438627  0.570787 
970  282.738487  0.571196 
971  283.042133  0.571369 
972  283.346850  0.571922 
973  283.661104  0.572435 
974  283.960258  0.572807 
975  284.268149  0.573369 
976  284.578391  0.574270 
977  284.887066  0.574588 
978  285.196729  0.575101 
979  285.507413  0.575560 
980  285.818756  0.576200 
981  286.128882  0.576944 
982  286.433852  0.577229 
983  286.733478  0.577769 
984  287.040020  0.578327 
985  287.351199  0.579225 
986  287.643563  0.578957 
987  287.937203  0.579343 
988  288.251998  0.579961 
989  288.556309  0.580010 
990  288.855078  0.580225 
991  289.166332  0.581034 
992  289.479249  0.581629 
993  289.795423  0.582157 
994  290.109021  0.582712 
995  290.428613  0.582917 
996  290.730916  0.583357 
997  291.032104  0.583740 
998  291.344060  0.584488 
999  291.656328  0.585153 
1000  291.964022  0.585757 
